9870
83606
28984
54976
27013
116151
81532
84792
29919
84293
57613
23456
5244
10058
7920
80325
2180
119
51094
154
11214
210
212
216
286
126549
118932
340120
129138
327
9582
23780
358
381
57636
10865
408
420
421
51665
140456
51676
22809
84971
79065
493
535
51582
80256
53335
598
602
604
54880
8553
332
645
665
388962
669
27154
55108
682
7832
8945
760
23589
847
863
23582
961
3732
994
1027
1030
1031
1032
1039
1050
1052
285753
79959
79094
1154
10370
163732
1182
1198
2055
55907
80315
1371
1384
8804
1508
8451
7852
9265
64771
23240
23604
25853
55827
1633
1649
162989
10260
79154
55466
3300
1777
116092
1850
101928991
1870
285588
27102
8320
2035
2039
2057
114625
150368
81558
84668
79137
54855
9679
120406
84085
25793
26268
23291
2235
85462
51024
64122
79672
2309
55691
2495
8880
51343
1647
2623
2624
2643
2729
2730
2672
8328
51218
56261
115330
2876
2907
2975
54676
2995
3105
55766
57531
3029
3039
3040
3050
3046
3043
3048
3049
50865
55363
8925
9709
204851
28996
3006
8330
121504
3017
3145
3204
3205
150274
3303
3304
3386
3398
3455
9742
3581
9807
115811
3660
3663
3665
81689
23479
9636
3669
9445
122953
126119
3727
3783
3792
146909
10661
10365
51274
64410
8861
9079
8994
4000
4005
8543
79888
9663
4066
9587
84232
4097
7975
81631
5606
441061
51257
115123
220972
4150
92014
4208
59274
10988
25840
388931
4259
58526
4288
2872
23608
4300
4350
4352
4354
4355
4357
8897
23625
4084
83463
4601
29116
91807
133686
8775
26502
8031
4778
4791
4792
4794
4856
8131
9971
8204
51617
51251
53371
23636
26471
4940
4946
11339
10133
94103
26578
78990
344838
5106
5130
10158
9091
5295
65018
11145
23228
26499
4860
55163
5468
5498
23645
7001
5564
5396
10197
81490
11156
5866
339122
51762
5886
57610
5925
55544
5971
5990
6005
64285
6006
6007
391
84153
6041
9921
63891
11236
50862
153830
25897
6047
91543
861
860
864
201191
22955
23176
57515
10955
9792
6688
285590
85358
117247
6510
63027
6583
51312
54977
51629
92745
6520
8501
29015
55652
6521
54716
6536
8140
4088
54498
29907
79856
55553
6668
221178
92521
6708
6710
56928
90864
6482
6483
8869
6793
2040
2054
6880
6886
79735
219899
255394
7029
7040
64129
116238
11322
9911
7111
7127
8764
131601
127262
66008
7109
57761
51127
51592
340348
706
7277
10587
7318
10422
7328
9246
63893
55284
92181
7351
7389
7390
29761
84669
7421
81552
11152
29062
55062
23039
83719
219539
51646
56829
79670
130617
374655
161882
