68497.0
68778.0
66214.0
71775.0
67326.0
69171.0
67705.0
67017.0
101513.0
67238.0
76482.0
70564.0
74525.0
100043636.0
100382.0
56199.0
18670.0
74104.0
193742.0
80283.0
14081.0
11519.0
72674.0
11555.0
75547.0
17025.0
11656.0
11668.0
11733.0
234396.0
52024.0
218440.0
223690.0
235606.0
80287.0
239552.0
11826.0
11844.0
58996.0
214855.0
109689.0
109978.0
11877.0
65247.0
68854.0
65256.0
107503.0
235040.0
245860.0
381290.0
11975.0
54375.0
230088.0
14025.0
12048.0
12051.0
12053.0
71458.0
20893.0
11799.0
233016.0
12177.0
78653.0
12183.0
268936.0
100383.0
12215.0
12227.0
12234.0
12349.0
52502.0
12359.0
12398.0
17151.0
12484.0
16423.0
12521.0
12531.0
12576.0
12579.0
12580.0
12581.0
12585.0
12606.0
12609.0
103268.0
225659.0
72361.0
69065.0
12700.0
17684.0
56222.0
12725.0
102414.0
26889.0
12764.0
67579.0
12892.0
12908.0
433375.0
13030.0
99375.0
12767.0
19159.0
224647.0
229473.0
13143.0
68970.0
74106.0
13178.0
13198.0
67379.0
102442.0
192970.0
58233.0
56812.0
13423.0
76233.0
18218.0
432582.0
242705.0
69306.0
114601.0
15467.0
13813.0
269587.0
13829.0
13857.0
27028.0
338368.0
215512.0
84652.0
227298.0
74645.0
77938.0
78252.0
71865.0
69754.0
71538.0
103583.0
14151.0
229474.0
66437.0
63828.0
238024.0
56484.0
209630.0
14319.0
51886.0
56371.0
13197.0
14460.0
14461.0
14528.0
14629.0
14630.0
14581.0
14582.0
73046.0
436003.0
74182.0
80290.0
14775.0
66168.0
233863.0
56055.0
71683.0
14964.0
232440.0
209462.0
14651.0
110257.0
15126.0
15129.0
15132.0
100503605.0
15135.0
216635.0
544763.0
15199.0
93966.0
235439.0
64209.0
15257.0
15258.0
50708.0
319164.0
319158.0
78303.0
15288.0
15404.0
15405.0
100900.0
193740.0
78369.0
15902.0
52668.0
15976.0
106633.0
16199.0
27399.0
75732.0
16363.0
27056.0
54123.0
69046.0
66383.0
100038882.0
57444.0
16432.0
81703.0
66124.0
16478.0
16534.0
23925.0
70218.0
16596.0
16598.0
16599.0
207952.0
16825.0
16826.0
29806.0
16905.0
16909.0
16911.0
210992.0
64898.0
17095.0
66591.0
68877.0
17134.0
17135.0
67443.0
26397.0
211147.0
224703.0
320253.0
71779.0
17188.0
230125.0
17260.0
17268.0
80889.0
56307.0
70152.0
432628.0
66447.0
68041.0
78591.0
387162.0
17345.0
17347.0
54484.0
70122.0
56738.0
268395.0
17480.0
17524.0
50997.0
246221.0
74302.0
17826.0
17119.0
17121.0
17859.0
218203.0
213435.0
68646.0
108124.0
67608.0
27057.0
66961.0
18022.0
18034.0
18035.0
18037.0
18133.0
17168.0
20186.0
268903.0
18197.0
107569.0
269113.0
18226.0
56312.0
246727.0
18245.0
70645.0
71648.0
66612.0
20409.0
68149.0
54644.0
75552.0
74551.0
13026.0
67182.0
14755.0
18708.0
68943.0
225845.0
224860.0
27260.0
667034.0
103711.0
19016.0
19044.0
17872.0
21672.0
19079.0
18933.0
19192.0
27388.0
19245.0
74760.0
69834.0
235442.0
19358.0
74334.0
19645.0
56190.0
19698.0
19725.0
19743.0
13650.0
19746.0
56212.0
68209.0
24014.0
50849.0
84585.0
75841.0
67150.0
74315.0
30945.0
19822.0
58185.0
12394.0
12393.0
12399.0
217125.0
29871.0
20362.0
56442.0
26943.0
58172.0
20375.0
268396.0
58234.0
72472.0
20514.0
73102.0
30805.0
67712.0
208638.0
68066.0
209837.0
17254.0
72401.0
58207.0
67739.0
20533.0
102680.0
14664.0
20539.0
17127.0
228608.0
83673.0
69024.0
382083.0
20679.0
78912.0
219140.0
432572.0
20739.0
20741.0
73218.0
79043.0
20442.0
20444.0
20454.0
20868.0
13830.0
13852.0
108143.0
21349.0
233204.0
272589.0
21414.0
216198.0
211586.0
21803.0
94242.0
68385.0
217353.0
68875.0
21916.0
21928.0
230979.0
24100.0
67808.0
70827.0
216131.0
228775.0
56631.0
94093.0
232670.0
12257.0
22145.0
26462.0
74153.0
98766.0
22187.0
22214.0
56791.0
217342.0
66799.0
327900.0
22228.0
22275.0
22276.0
30940.0
237898.0
22337.0
232023.0
54636.0
101240.0
52639.0
65246.0
66090.0
241525.0
383295.0
78781.0
214290.0
68818.0
209225.0
22761.0
