68497
68778
66214
71775
67326
69171
67705
67017
101513
67238
76482
70564
74525
100043636
100382
56199
18670
74104
193742
80283
14081
11519
72674
11555
75547
17025
11656
11668
11733
234396
52024
218440
223690
235606
80287
239552
11826
11844
58996
214855
109689
109978
11877
65247
68854
65256
107503
235040
245860
381290
11975
54375
230088
14025
12048
12051
12053
71458
20893
11799
233016
12177
78653
12183
268936
100383
12215
12227
12234
12349
52502
12359
12398
17151
12484
16423
12521
12531
12576
12579
12580
12581
12585
12606
12609
103268
225659
72361
69065
12700
17684
56222
12725
102414
26889
12764
67579
12892
12908
433375
13030
99375
12767
19159
224647
229473
13143
68970
74106
13178
13198
67379
102442
192970
58233
56812
13423
76233
18218
432582
242705
69306
114601
15467
13813
269587
13829
13857
27028
338368
215512
84652
227298
74645
77938
78252
71865
69754
71538
103583
14151
229474
66437
63828
238024
56484
209630
14319
51886
56371
13197
14460
14461
14528
14629
14630
14581
14582
73046
436003
74182
80290
14775
66168
233863
56055
71683
14964
232440
209462
14651
110257
15126
15129
15132
100503605
15135
216635
544763
15199
93966
235439
64209
15257
15258
50708
319164
319158
78303
15288
15404
15405
100900
193740
78369
15902
52668
15976
106633
16199
27399
75732
16363
27056
54123
69046
66383
100038882
57444
16432
81703
66124
16478
16534
23925
70218
16596
16598
16599
207952
16825
16826
29806
16905
16909
16911
210992
64898
17095
66591
68877
17134
17135
67443
26397
211147
224703
320253
71779
17188
230125
17260
17268
80889
56307
70152
432628
66447
68041
78591
387162
17345
17347
54484
70122
56738
268395
17480
17524
50997
246221
74302
17826
17119
17121
17859
218203
213435
68646
108124
67608
27057
66961
18022
18034
18035
18037
18133
17168
20186
268903
18197
107569
269113
18226
56312
246727
18245
70645
71648
66612
20409
68149
54644
75552
74551
13026
67182
14755
18708
68943
225845
224860
27260
667034
103711
19016
19044
17872
21672
19079
18933
19192
27388
19245
74760
69834
235442
19358
74334
19645
56190
19698
19725
19743
13650
19746
56212
68209
24014
50849
84585
75841
67150
74315
30945
19822
58185
12394
12393
12399
217125
29871
20362
56442
26943
58172
20375
268396
58234
72472
20514
73102
30805
67712
208638
68066
209837
17254
72401
58207
67739
20533
102680
14664
20539
17127
228608
83673
69024
382083
20679
78912
219140
432572
20739
20741
73218
79043
20442
20444
20454
20868
13830
13852
108143
21349
233204
272589
21414
216198
211586
21803
94242
68385
217353
68875
21916
21928
230979
24100
67808
70827
216131
228775
56631
94093
232670
12257
22145
26462
74153
98766
22187
22214
56791
217342
66799
327900
22228
22275
22276
30940
237898
22337
232023
54636
101240
52639
65246
66090
241525
383295
78781
214290
68818
209225
22761
