68497
67017
18218
74525
56199
74104
11519
17025
11656
11733
234396
11826
109978
65247
11975
208638
233016
12177
12183
12215
12227
12234
16423
12349
12398
12580
26889
12892
99375
68066
13143
13198
58233
76233
242705
15467
269587
13829
13857
27028
78252
14151
63828
56484
14460
14461
14630
14582
73046
71683
15126
15132
15135
15199
93966
15258
50708
15288
78369
69046
16534
23925
16596
16599
16825
16905
16909
64898
17134
17135
66447
17121
17859
213435
67608
18022
17168
75552
13026
19044
21672
27388
74760
19743
19746
58185
12394
12393
217125
72472
73102
30805
67712
209837
72401
67739
20533
20679
432572
20739
20741
13830
21349
21916
232670
26462
74153
56791
217342
22275
22276
65246
22761
18708
