68497.0
67017.0
18218.0
74525.0
56199.0
74104.0
11519.0
17025.0
11656.0
11733.0
234396.0
11826.0
109978.0
65247.0
11975.0
208638.0
233016.0
12177.0
12183.0
12215.0
12227.0
12234.0
16423.0
12349.0
12398.0
12580.0
26889.0
12892.0
99375.0
68066.0
13143.0
13198.0
58233.0
76233.0
242705.0
15467.0
269587.0
13829.0
13857.0
27028.0
78252.0
14151.0
63828.0
56484.0
14460.0
14461.0
14630.0
14582.0
73046.0
71683.0
15126.0
15132.0
15135.0
15199.0
93966.0
15258.0
50708.0
15288.0
78369.0
69046.0
16534.0
23925.0
16596.0
16599.0
16825.0
16905.0
16909.0
64898.0
17134.0
17135.0
66447.0
17121.0
17859.0
213435.0
67608.0
18022.0
17168.0
75552.0
13026.0
19044.0
21672.0
27388.0
74760.0
19743.0
19746.0
58185.0
12394.0
12393.0
217125.0
72472.0
73102.0
30805.0
67712.0
209837.0
72401.0
67739.0
20533.0
20679.0
432572.0
20739.0
20741.0
13830.0
21349.0
21916.0
232670.0
26462.0
74153.0
56791.0
217342.0
22275.0
22276.0
65246.0
22761.0
18708.0
