9870
116151
1850
57613
23456
10058
119
210
212
286
126549
358
420
51665
535
54977
645
665
669
682
7832
8945
961
760
863
1031
2055
1371
8451
51629
23604
1649
55466
116092
1870
27102
2035
2039
2057
114625
120406
2235
64122
2309
2623
2624
2730
8328
51218
2995
3050
3046
3048
50865
55363
28996
3006
3145
3386
81689
3783
3792
10661
51274
8861
4000
4005
9663
4097
7975
4259
83463
4601
91807
26502
4778
8131
344838
5130
5498
7001
81490
5866
6005
6006
6007
91543
861
860
201191
117247
63027
6583
51312
92745
8501
55652
6521
55553
92521
6708
6710
2040
6886
7111
340348
10587
7318
9246
63893
7389
7390
23039
161882
5295
