66123
68528
68497
68859
69788
68107
73516
112418
69857
67017
66962
78767
71640
75317
75311
18218
77011
74753
77727
78605
100038580
74525
216792
77970
106634
11303
56199
74104
17250
12780
76408
239273
27421
26357
192663
11423
11428
11431
60595
66204
110751
11518
11519
27360
11607
17025
11655
11656
11702
11732
11733
234396
237761
11750
11754
11765
72103
11826
11833
64008
233071
69632
23807
11861
109978
65247
66772
65973
11911
11932
11975
11980
11983
65964
233058
14595
208638
407797
12013
71769
229672
233016
140780
12177
12183
12215
12227
12231
12234
192194
70026
94192
320926
16423
320508
12291
12333
12346
12349
12395
12396
12398
73254
240084
268697
12447
12449
12460
12476
12509
12532
23834
108912
18555
71091
12580
99151
109901
229841
102920
72155
66336
107932
12704
12724
26373
57255
12745
26889
94219
18488
12831
53419
70383
333182
208922
12892
12921
99375
20315
13120
68066
52471
52662
51944
52415
320661
13132
13143
13349
114893
13198
56419
218977
58233
103967
76233
70335
66310
19252
226419
104394
242705
13643
13653
15467
13684
13709
71946
209558
269587
13821
13822
13823
13824
54357
226352
13828
13829
105298
13857
27028
71988
105988
14011
14042
76267
56473
68636
239170
78252
381126
67809
60534
14151
14205
63828
14235
56484
72313
14388
14419
50917
171212
14460
14461
14630
66569
209334
14580
14582
73046
329207
14723
14729
243816
54368
58182
17444
66790
14871
14934
71683
15126
15132
15135
15163
15199
56016
93966
69585
15258
50708
319166
319162
15288
15368
15369
15402
15414
94175
66667
78369
15983
16011
210094
22778
16325
69046
16399
16401
16439
16477
16534
233529
22289
23925
16596
21847
194655
50794
16599
16825
107515
16905
16909
64898
70530
17134
17135
26398
399510
67121
17191
17193
17196
17246
19014
52065
76574
23945
66447
194401
231830
71876
17121
17859
17865
213435
381204
27426
223646
67608
54392
211329
20185
17988
29811
234258
18005
18022
18023
18024
18025
74080
67824
18125
18129
17168
22025
18181
78593
57764
234865
269966
100535
70155
18458
18478
72333
75552
57320
18563
13026
236899
54611
18576
18590
18595
18596
69191
228026
73182
103737
18639
67073
208084
69656
171395
18770
18746
18817
70481
18984
19012
19017
19035
66101
242083
19044
21672
105787
19082
232341
19116
114662
228769
27388
69051
74760
114714
51799
67865
71729
19743
19746
23912
66611
66878
68477
24018
20044
20104
58185
75136
12394
12393
231004
217125
223870
20720
14057
170755
72415
72281
225608
66468
20491
18174
20498
108052
20501
72472
20509
73102
30805
27376
67712
63959
20528
22782
226781
69048
20505
76157
209837
227059
67547
72401
67739
20533
20535
17129
98366
20617
20656
20679
54141
432572
20698
20728
68166
20739
20740
20741
20742
99167
192188
68428
13830
74732
20913
20947
21334
21335
21349
216965
21391
21422
22042
21814
66131
67623
66910
66154
208449
67878
21916
83813
71943
269389
21990
22003
72119
50765
19824
80890
81003
217069
22063
22064
22065
28240
232670
216350
22137
545486
22152
50493
26462
22171
74153
67921
56791
217342
79560
70240
22241
22275
22276
22278
69727
224836
22319
20955
233064
71856
66894
22439
65246
16969
228807
22761
226409
12593
70466
18708
