9870
388588
124817
375341
116151
126074
90141
55010
160140
1850
90381
51531
100141515
57613
200205
19
23456
10058
4363
1244
8714
10257
368
9429
64137
43
48
52
81
97
80332
118
119
120
185
210
211
212
262
56172
286
126549
134548
310
8639
164
200558
358
343
366
115703
23365
10425
10124
420
51665
127247
444
468
482
535
10396
93974
51776
147923
2683
54977
571
79738
440603
645
55589
665
669
682
7832
696
8945
222642
56913
961
57685
8913
823
759
760
862
9139
863
343099
54535
891
898
899
9973
977
995
990
157313
5127
8814
1031
51148
1990
1062
2491
55839
401541
1108
11113
1181
1186
1047
2055
54805
5067
1289
10699
1352
125965
22849
1371
1394
8451
6387
1580
51629
753
90417
9778
1601
23604
2532
54165
1649
81624
9787
55466
26052
116092
92840
84661
1843
8444
1874
1870
1949
1958
27102
1977
1997
23052
5169
2035
2036
2037
23136
64097
54566
57669
2038
2039
54749
2057
114625
157570
9700
2120
2131
3992
9415
81889
64760
120406
64762
55177
2189
2235
2277
64122
2305
2309
285527
2549
51083
2588
55568
2623
2624
2730
284161
348654
2670
8328
51218
375316
2811
2814
51206
2815
10887
9402
79774
2995
3050
3046
3048
3059
50865
23593
55363
148738
28996
3006
8332
92815
3145
3162
3163
3202
3216
79663
3386
7866
3488
402665
10320
3626
81689
3674
3676
3709
3726
3783
65987
7403
3792
10661
7071
8462
51621
51274
8861
55366
4000
4005
9663
57497
4097
7975
6416
11183
84930
8932
8930
4155
4193
5469
9258
84879
11343
4259
57553
79778
79682
83463
4601
4605
91807
10004
51172
93100
26502
64151
135112
9611
10397
57447
55247
4751
4778
4779
4780
9603
57407
4842
4853
8131
7181
4899
56675
59277
55746
4928
79627
26986
5053
23022
344838
11315
5091
5130
9468
5139
5140
5154
5156
5159
64714
5163
375033
5193
5207
55300
80119
8544
168507
5313
5315
5347
9240
5447
10891
5479
10465
151742
5498
7001
5562
5571
65125
5618
9491
81490
29920
5866
5889
10900
6001
6002
6005
6006
6007
54509
158787
8780
64795
8732
6208
6194
91543
222967
728194
861
860
148398
201191
29843
5270
94081
23678
100533105
151648
63898
79628
220134
6503
4891
6560
6563
6566
117247
6573
63027
6583
1468
51312
2030
6517
7779
55532
64924
6569
340146
92745
57181
64116
8501
55652
6521
6522
4090
60682
6622
6648
55553
10615
92521
8877
121599
56907
6708
6709
6710
6711
117178
55576
55240
2040
8676
252983
23075
6866
10460
6886
57551
6916
7024
7037
7049
54962
51768
84314
51522
259230
55161
7111
8711
10040
84969
7166
22974
7036
10107
23321
373
7706
7220
7222
7226
340348
7103
7272
81027
10381
7296
10587
7298
7318
140739
9246
63893
134510
402682
8408
7389
7390
7391
64854
25862
9341
6845
284403
11060
7504
23039
51341
84905
161882
84083
9425
150468
5295
