9870
388588
124817
375341
116151
126074
90141
55010
160140
1850
90381
51531
100141515
57613
200205
19
23456
10058
4363
1244
8714
10257
368
9429
64137
43
48
52
81
97
80332
118
119
120
185
210
211
212
262
56172
286
126549
134548
310
8639
164
200558
358
343
366
115703
23365
10425
10124
420
51665
127247
444
468
482
535
10396
93974
51776
147923
2683
54977
571
79738
440603
645
55589
665
669
682
7832
696
8945
222642
56913
961
57685
8913
823
759
760
862
9139
863
343099
54535
891
898
899
9973
977
995
990
157313
5127
8814
1031
51148
1990
1062
2491
55839
401541
1108
11113
1181
1186
1047
2055
54805
5067
1289
10699
1352
125965
22849
1371
1394
8451
6387
1580
51629
753
90417
9778
1601
23604
2532
54165
1649
81624
9787
55466
26052
116092
92840
84661
1843
8444
1874
1870
1949
1958
27102
1977
1997
23052
5169
2035
2036
2037
23136
64097
54566
57669
2038
2039
54749
2057
114625
157570
9700
2120
2131
3992
9415
81889
64760
120406
64762
55177
2189
2235
2277
64122
2305
2309
285527
2549
51083
2588
55568
2623
2624
2730
284161
348654
2670
8328
51218
375316
2811
2814
51206
2815
10887
9402
79774
2995
3050
3046
3048
3059
50865
23593
55363
148738
28996
3006
8332
92815
3145
3162
3163
3202
3216
79663
3386
7866
3488
402665
10320
3626
81689
3674
3676
3709
3726
3783
65987
7403
3792
10661
7071
8462
51621
51274
8861
55366
4000
4005
9663
57497
4097
7975
6416
11183
84930
8932
8930
4155
4193
5469
9258
84879
11343
4259
57553
79778
79682
83463
4601
4605
91807
10004
51172
93100
26502
64151
135112
9611
10397
57447
55247
4751
4778
4779
4780
9603
57407
4842
4853
8131
7181
4899
56675
59277
55746
4928
79627
26986
5053
23022
344838
11315
5091
5130
9468
5139
5140
5154
5156
5159
64714
5163
375033
5193
5207
55300
80119
8544
168507
5313
5315
5347
9240
5447
10891
5479
10465
151742
5498
7001
5562
5571
65125
5618
9491
81490
29920
5866
5889
10900
6001
6002
6005
6006
6007
54509
158787
8780
64795
8732
6208
6194
91543
222967
728194
861
860
148398
201191
29843
5270
94081
23678
100533105
151648
63898
79628
220134
6503
4891
6560
6563
6566
117247
6573
63027
6583
1468
51312
2030
6517
7779
55532
64924
6569
340146
92745
57181
64116
8501
55652
6521
6522
4090
60682
6622
6648
55553
10615
92521
8877
121599
56907
6708
6709
6710
6711
117178
55576
55240
2040
8676
252983
23075
6866
10460
6886
57551
6916
7024
7037
7049
54962
51768
84314
51522
259230
55161
7111
8711
10040
84969
7166
22974
7036
10107
23321
373
7706
7220
7222
7226
340348
7103
7272
81027
10381
7296
10587
7298
7318
140739
9246
63893
134510
402682
8408
7389
7390
7391
64854
25862
9341
6845
284403
11060
7504
23039
51341
84905
161882
84083
9425
150468
5295
83606
28984
54976
27013
81532
84792
29919
84293
5244
7920
80325
2180
51094
154
11214
216
118932
340120
129138
327
9582
23780
381
57636
10865
408
421
140456
51676
22809
84971
79065
493
51582
80256
53335
598
602
604
54880
8553
332
388962
27154
55108
23589
847
23582
3732
994
1027
1030
1032
1039
1050
1052
285753
79959
79094
1154
10370
163732
1182
1198
55907
80315
1384
8804
1508
7852
9265
64771
23240
25853
55827
1633
162989
10260
79154
3300
1777
101928991
285588
8320
150368
81558
84668
79137
54855
9679
84085
25793
26268
23291
85462
51024
79672
55691
2495
8880
51343
1647
2643
2729
2672
56261
115330
2876
2907
2975
54676
3105
55766
57531
3029
3039
3040
3043
3049
8925
9709
204851
8330
121504
3017
3204
3205
150274
3303
3304
3398
3455
9742
3581
9807
115811
3660
3663
3665
23479
9636
3669
9445
122953
126119
3727
146909
10365
64410
9079
8994
8543
79888
4066
9587
84232
81631
5606
441061
51257
115123
220972
4150
92014
4208
59274
10988
25840
388931
58526
4288
2872
23608
4300
4350
4352
4354
4355
4357
8897
23625
4084
29116
133686
8775
8031
4791
4792
4794
4856
9971
8204
51617
51251
53371
23636
26471
4940
4946
11339
10133
94103
26578
78990
5106
10158
9091
65018
11145
23228
26499
4860
55163
5468
23645
5564
5396
10197
11156
339122
51762
5886
57610
5925
55544
5971
5990
64285
391
84153
6041
9921
63891
11236
50862
153830
25897
6047
864
22955
23176
57515
10955
9792
6688
285590
85358
6510
6520
29015
54716
6536
8140
4088
54498
29907
79856
6668
221178
56928
90864
6482
6483
8869
6793
2054
6880
79735
219899
255394
7029
7040
64129
116238
11322
9911
7127
8764
131601
127262
66008
7109
57761
51127
51592
706
7277
10422
7328
55284
92181
7351
29761
84669
7421
81552
11152
29062
55062
83719
219539
51646
56829
79670
130617
374655
