66123.0
68528.0
68497.0
68859.0
69788.0
68107.0
73516.0
112418.0
69857.0
67017.0
66962.0
78767.0
71640.0
75317.0
75311.0
18218.0
77011.0
74753.0
77727.0
78605.0
100038580.0
74525.0
216792.0
77970.0
106634.0
11303.0
56199.0
74104.0
17250.0
12780.0
76408.0
239273.0
27421.0
26357.0
192663.0
11423.0
11428.0
11431.0
60595.0
66204.0
110751.0
11518.0
11519.0
27360.0
11607.0
17025.0
11655.0
11656.0
11702.0
11732.0
11733.0
234396.0
237761.0
11750.0
11754.0
11765.0
72103.0
11826.0
11833.0
64008.0
233071.0
69632.0
23807.0
11861.0
109978.0
65247.0
66772.0
65973.0
11911.0
11932.0
11975.0
11980.0
11983.0
65964.0
233058.0
14595.0
208638.0
407797.0
12013.0
71769.0
229672.0
233016.0
140780.0
12177.0
12183.0
12215.0
12227.0
12231.0
12234.0
192194.0
70026.0
94192.0
320926.0
16423.0
320508.0
12291.0
12333.0
12346.0
12349.0
12395.0
12396.0
12398.0
73254.0
240084.0
268697.0
12447.0
12449.0
12460.0
12476.0
12509.0
12532.0
23834.0
108912.0
18555.0
71091.0
12580.0
99151.0
109901.0
229841.0
102920.0
72155.0
66336.0
107932.0
12704.0
12724.0
26373.0
57255.0
12745.0
26889.0
94219.0
18488.0
12831.0
53419.0
70383.0
333182.0
208922.0
12892.0
12921.0
99375.0
20315.0
13120.0
68066.0
52471.0
52662.0
51944.0
52415.0
320661.0
13132.0
13143.0
13349.0
114893.0
13198.0
56419.0
218977.0
58233.0
103967.0
76233.0
70335.0
66310.0
19252.0
226419.0
104394.0
242705.0
13643.0
13653.0
15467.0
13684.0
13709.0
71946.0
209558.0
269587.0
13821.0
13822.0
13823.0
13824.0
54357.0
226352.0
13828.0
13829.0
105298.0
13857.0
27028.0
71988.0
105988.0
14011.0
14042.0
76267.0
56473.0
68636.0
239170.0
78252.0
381126.0
67809.0
60534.0
14151.0
14205.0
63828.0
14235.0
56484.0
72313.0
14388.0
14419.0
50917.0
171212.0
14460.0
14461.0
14630.0
66569.0
209334.0
14580.0
14582.0
73046.0
329207.0
14723.0
14729.0
243816.0
54368.0
58182.0
17444.0
66790.0
14871.0
14934.0
71683.0
15126.0
15132.0
15135.0
15163.0
15199.0
56016.0
93966.0
69585.0
15258.0
50708.0
319166.0
319162.0
15288.0
15368.0
15369.0
15402.0
15414.0
94175.0
66667.0
78369.0
15983.0
16011.0
210094.0
22778.0
16325.0
69046.0
16399.0
16401.0
16439.0
16477.0
16534.0
233529.0
22289.0
23925.0
16596.0
21847.0
194655.0
50794.0
16599.0
16825.0
107515.0
16905.0
16909.0
64898.0
70530.0
17134.0
17135.0
26398.0
399510.0
67121.0
17191.0
17193.0
17196.0
17246.0
19014.0
52065.0
76574.0
23945.0
66447.0
194401.0
231830.0
71876.0
17121.0
17859.0
17865.0
213435.0
381204.0
27426.0
223646.0
67608.0
54392.0
211329.0
20185.0
17988.0
29811.0
234258.0
18005.0
18022.0
18023.0
18024.0
18025.0
74080.0
67824.0
18125.0
18129.0
17168.0
22025.0
18181.0
78593.0
57764.0
234865.0
269966.0
100535.0
70155.0
18458.0
18478.0
72333.0
75552.0
57320.0
18563.0
13026.0
236899.0
54611.0
18576.0
18590.0
18595.0
18596.0
69191.0
228026.0
73182.0
103737.0
18639.0
67073.0
208084.0
69656.0
171395.0
18770.0
18746.0
18817.0
70481.0
18984.0
19012.0
19017.0
19035.0
66101.0
242083.0
19044.0
21672.0
105787.0
19082.0
232341.0
19116.0
114662.0
228769.0
27388.0
69051.0
74760.0
114714.0
51799.0
67865.0
71729.0
19743.0
19746.0
23912.0
66611.0
66878.0
68477.0
24018.0
20044.0
20104.0
58185.0
75136.0
12394.0
12393.0
231004.0
217125.0
223870.0
20720.0
14057.0
170755.0
72415.0
72281.0
225608.0
66468.0
20491.0
18174.0
20498.0
108052.0
20501.0
72472.0
20509.0
73102.0
30805.0
27376.0
67712.0
63959.0
20528.0
22782.0
226781.0
69048.0
20505.0
76157.0
209837.0
227059.0
67547.0
72401.0
67739.0
20533.0
20535.0
17129.0
98366.0
20617.0
20656.0
20679.0
54141.0
432572.0
20698.0
20728.0
68166.0
20739.0
20740.0
20741.0
20742.0
99167.0
192188.0
68428.0
13830.0
74732.0
20913.0
20947.0
21334.0
21335.0
21349.0
216965.0
21391.0
21422.0
22042.0
21814.0
66131.0
67623.0
66910.0
66154.0
208449.0
67878.0
21916.0
83813.0
71943.0
269389.0
21990.0
22003.0
72119.0
50765.0
19824.0
80890.0
81003.0
217069.0
22063.0
22064.0
22065.0
28240.0
232670.0
216350.0
22137.0
545486.0
22152.0
50493.0
26462.0
22171.0
74153.0
67921.0
56791.0
217342.0
79560.0
70240.0
22241.0
22275.0
22276.0
22278.0
69727.0
224836.0
22319.0
20955.0
233064.0
71856.0
66894.0
22439.0
65246.0
16969.0
228807.0
22761.0
226409.0
12593.0
70466.0
18708.0
68778.0
66214.0
71775.0
67326.0
69171.0
67705.0
101513.0
67238.0
76482.0
70564.0
100043636.0
100382.0
18670.0
193742.0
80283.0
14081.0
72674.0
11555.0
75547.0
11668.0
52024.0
218440.0
223690.0
235606.0
80287.0
239552.0
11844.0
58996.0
214855.0
109689.0
11877.0
68854.0
65256.0
107503.0
235040.0
245860.0
381290.0
54375.0
230088.0
14025.0
12048.0
12051.0
12053.0
71458.0
20893.0
11799.0
78653.0
268936.0
100383.0
52502.0
12359.0
17151.0
12484.0
12521.0
12531.0
12576.0
12579.0
12581.0
12585.0
12606.0
12609.0
103268.0
225659.0
72361.0
69065.0
12700.0
17684.0
56222.0
12725.0
102414.0
12764.0
67579.0
12908.0
433375.0
13030.0
12767.0
19159.0
224647.0
229473.0
68970.0
74106.0
13178.0
67379.0
102442.0
192970.0
56812.0
13423.0
432582.0
69306.0
114601.0
13813.0
338368.0
215512.0
84652.0
227298.0
74645.0
77938.0
71865.0
69754.0
71538.0
103583.0
229474.0
66437.0
238024.0
209630.0
14319.0
51886.0
56371.0
13197.0
14528.0
14629.0
14581.0
436003.0
74182.0
80290.0
14775.0
66168.0
233863.0
56055.0
14964.0
232440.0
209462.0
14651.0
110257.0
15129.0
100503605.0
216635.0
544763.0
235439.0
64209.0
15257.0
319164.0
319158.0
78303.0
15404.0
15405.0
100900.0
193740.0
15902.0
52668.0
15976.0
106633.0
16199.0
27399.0
75732.0
16363.0
27056.0
54123.0
66383.0
100038882.0
57444.0
16432.0
81703.0
66124.0
16478.0
70218.0
16598.0
207952.0
16826.0
29806.0
16911.0
210992.0
17095.0
66591.0
68877.0
67443.0
26397.0
211147.0
224703.0
320253.0
71779.0
17188.0
230125.0
17260.0
17268.0
80889.0
56307.0
70152.0
432628.0
68041.0
78591.0
387162.0
17345.0
17347.0
54484.0
70122.0
56738.0
268395.0
17480.0
17524.0
50997.0
246221.0
74302.0
17826.0
17119.0
218203.0
68646.0
108124.0
27057.0
66961.0
18034.0
18035.0
18037.0
18133.0
20186.0
268903.0
18197.0
107569.0
269113.0
18226.0
56312.0
246727.0
18245.0
70645.0
71648.0
66612.0
20409.0
68149.0
54644.0
74551.0
67182.0
14755.0
68943.0
225845.0
224860.0
27260.0
667034.0
103711.0
19016.0
17872.0
19079.0
18933.0
19192.0
19245.0
69834.0
235442.0
19358.0
74334.0
19645.0
56190.0
19698.0
19725.0
13650.0
56212.0
68209.0
24014.0
50849.0
84585.0
75841.0
67150.0
74315.0
30945.0
19822.0
12399.0
29871.0
20362.0
56442.0
26943.0
58172.0
20375.0
268396.0
58234.0
20514.0
17254.0
58207.0
102680.0
14664.0
20539.0
17127.0
228608.0
83673.0
69024.0
382083.0
78912.0
219140.0
73218.0
79043.0
20442.0
20444.0
20454.0
20868.0
13852.0
108143.0
233204.0
272589.0
21414.0
216198.0
211586.0
21803.0
94242.0
68385.0
217353.0
68875.0
21928.0
230979.0
24100.0
67808.0
70827.0
216131.0
228775.0
56631.0
94093.0
12257.0
22145.0
98766.0
22187.0
22214.0
66799.0
327900.0
22228.0
30940.0
237898.0
22337.0
232023.0
54636.0
101240.0
52639.0
66090.0
241525.0
383295.0
78781.0
214290.0
68818.0
209225.0
